"Datum"	"Stickoxide"	"CO"	"Feinstaub"	"Lufttemperatur"	"Ozon"	"SO2"
"01.01.91"	71.19	1.31	NA	NA	0	26.61
"01.02.91"	127.97	2.13	NA	NA	0	55.28
"01.03.91"	91.99	1.58	NA	NA	0	26.99
"01.04.91"	61.27	1.1	NA	NA	7	21.29
"01.05.91"	55.27	1.07	NA	NA	6	18.5
"01.06.91"	43.62	0.89	NA	NA	28	11
"01.07.91"	42.25	0.88	NA	NA	51	7.88
"01.08.91"	53.85	0.93	NA	NA	65	7.83
"01.09.91"	68.83	1.2	NA	NA	26	8.51
"01.10.91"	NA	NA	NA	NA	NA	NA
"01.11.91"	95.91	1.48	NA	NA	0	23.42
"01.12.91"	88.42	1.39	NA	NA	0	29.74
"01.01.92"	123.14	1.87	NA	NA	0	38.18
"01.02.92"	99.87	1.66	NA	NA	0	31.42
"01.03.92"	77.11	1.29	NA	NA	0	21.87
"01.04.92"	49.65	0.89	NA	NA	7	14.64
"01.05.92"	55.26	0.92	NA	NA	47	10.79
"01.06.92"	49.65	0.85	NA	18.93	19	8.18
"01.07.92"	41.25	0.76	NA	21.18	73	5.69
"01.08.92"	48.13	0.76	NA	23.17	84	6.56
"01.09.92"	70.82	1.03	NA	16.28	0	9.72
"01.10.92"	NA	NA	NA	NA	NA	NA
"01.11.92"	66.39	1.13	NA	7.49	0	16.63
"01.12.92"	117.54	1.76	NA	1.84	0	28.42
"01.01.93"	97.58	1.53	NA	4.31	0	28.42
"01.02.93"	89.92	1.48	NA	0.97	0	26.69
"01.03.93"	80.64	1.34	NA	5.75	3	29.03
"01.04.93"	52.26	0.92	NA	12.03	11	13.62
"01.05.93"	42.33	0.83	NA	16.1	24	7.85
"01.06.93"	37	0.78	NA	18.47	54	5.55
"01.07.93"	37.21	0.8	NA	18.35	46	5.54
"01.08.93"	45.2	0.8	NA	19.22	73	7.13
"01.09.93"	58.36	0.94	NA	14.41	0	10.38
"01.10.93"	NA	NA	NA	NA	NA	NA
"01.11.93"	86.66	1.38	NA	2.41	0	19.68
"01.12.93"	56.54	0.91	NA	5.02	0	15.04
"01.01.94"	62.08	1.05	NA	3.71	0	18.8
"01.02.94"	89.51	1.41	NA	3.35	0	25.23
"01.03.94"	50.44	0.86	NA	10.26	0	12.1
"01.04.94"	45.95	0.84	NA	8.64	21	12.1
"01.05.94"	43.97	0.81	NA	14.57	3	7
"01.06.94"	37.46	0.72	NA	18.55	74	7
"01.07.94"	35.55	0.59	NA	23.37	176	4.86
"01.08.94"	40.36	0.66	NA	20.9	65	5.32
"01.09.94"	55.01	0.85	NA	15.15	0	8.22
"01.10.94"	NA	NA	NA	NA	NA	NA
"01.11.94"	78.36	1.21	NA	9.15	0	13.51
"01.12.94"	62.02	1.07	NA	5	0	15.51
"01.01.95"	68.3	1.09	NA	1.29	0	21.81
"01.02.95"	51.32	0.89	NA	6.46	0	13.21
"01.03.95"	40.52	0.79	NA	5.16	0	13.55
"01.04.95"	40.76	0.69	NA	10.33	8	9.94
"01.05.95"	38.81	0.61	NA	14.57	50	7.42
"01.06.95"	35.44	0.57	NA	16.03	18	6.67
"01.07.95"	34.08	0.56	NA	22.53	110	5.07
"01.08.95"	35.77	0.66	NA	19.31	50	6
"01.09.95"	52.95	0.82	NA	13.48	0	9.86
"01.10.95"	NA	NA	NA	NA	NA	NA
"01.11.95"	91	1.32	NA	4.92	0	18.63
"01.12.95"	72.06	1.19	NA	1.25	0	20.74
"01.01.96"	81.55	1.43	NA	0.82	0	20.72
"01.02.96"	66.46	1.17	NA	0.55	0	22.41
"01.03.96"	52.1	1.01	NA	4.39	0	18.8
"01.04.96"	46.48	0.89	NA	10.84	26	11.63
"01.05.96"	37.14	0.71	NA	13.75	14	6.39
"01.06.96"	31.47	0.6	NA	18.89	92	4.43
"01.07.96"	30.99	0.54	NA	18.65	44	4.25
"01.08.96"	33.22	0.59	NA	18.16	21	4.07
"01.09.96"	49.35	0.77	NA	12.08	0	7.89
"01.10.96"	70.53	1.02	NA	10.34	0	11.83
"01.11.96"	55.98	0.89	NA	5.66	0	11.36
"01.12.96"	88.78	1.33	NA	0.28	0	17.84
"01.01.97"	89.5	1.54	NA	-0.94	0	22.48
"01.02.97"	63.99	0.98	NA	5.23	0	15.32
"01.03.97"	56.46	0.89	NA	8.61	7	12.41
"01.04.97"	42.58	0.84	NA	9.01	37	10.2
"01.05.97"	34.79	0.84	NA	14.76	29	7.03
"01.06.97"	31.42	0.69	NA	16.98	9	4.87
"01.07.97"	31.95	0.68	NA	18.24	29	4.9
"01.08.97"	39.85	0.78	NA	20.88	80	5.02
"01.09.97"	61.2	0.95	NA	16.1	6	7.28
"01.10.97"	52.1	0.85	NA	10.06	0	10.74
"01.11.97"	86.1	1.15	NA	5.53	0	17.37
"01.12.97"	63.35	0.82	NA	3.47	0	15.89
"01.01.98"	69.33	1.13	NA	2.78	0	17.35
"01.02.98"	97.1	1.44	NA	4.4	0	25.49
"01.03.98"	45.6	0.82	NA	6.65	0	12.96
"01.04.98"	33.97	0.66	NA	9.76	2	7.48
"01.05.98"	33.16	0.64	NA	16.53	56	5.77
"01.06.98"	30.74	0.54	NA	18.66	38	5.17
"01.07.98"	26.01	0.5	NA	19.78	33	4.28
"01.08.98"	35.13	0.65	NA	19.84	94	5.43
"01.09.98"	46.25	0.82	NA	14.27	0	6.75
"01.10.98"	42.72	0.8	NA	10.91	0	8.25
"01.11.98"	62.85	1.12	NA	3.3	0	15.46
"01.12.98"	74.44	1.08	NA	1.9	0	17.53
"01.01.99"	88.31	1.25	NA	2.61	0	18.55
"01.02.99"	46.34	0.8	NA	0.46	0	14.66
"01.03.99"	47.62	0.82	NA	6.99	0	10.06
"01.04.99"	35.14	0.63	NA	9.97	5	7.7
"01.05.99"	36.28	0.63	22.77	16.16	23	5.62
"01.06.99"	33.56	0.56	20.49	16.41	13	4.98
"01.07.99"	31.38	0.55	22.12	20.09	46	3.92
"01.08.99"	37.31	0.59	21.01	19.11	12	4
"01.09.99"	46.97	0.72	23.14	17.72	26	5.2
"01.10.99"	65.47	0.89	27.4	10.29	0	9.26
"01.11.99"	68.32	0.96	30.24	2.9	0	10.39
"01.12.99"	47.37	0.71	20.44	2.92	0	9.59
"01.01.00"	53.58	0.86	35.1	1.02	0	11.13
"01.02.00"	52.62	0.79	24.99	4.98	0	9.94
"01.03.00"	40.72	0.68	26.17	7.14	0	7.72
"01.04.00"	39.25	0.67	21.32	11.31	6	7.88
"01.05.00"	31.96	0.54	23.6	16.66	22	4.22
"01.06.00"	29.6	0.51	25.28	19.49	72	3.38
"01.07.00"	25.16	0.42	18.76	17.15	20	3.16
"01.08.00"	36.41	0.6	28.24	20.28	56	4.19
"01.09.00"	47.06	0.69	24.77	16.27	3	5.15
"01.10.00"	51.41	0.71	25.63	11.27	0	7.4
"01.11.00"	61.81	0.8	21.62	6.86	0	9.53
"01.12.00"	66.74	0.9	29.91	4.71	0	9.73
"01.01.01"	68.86	0.98	33.07	2.54	0	12.85
"01.02.01"	59.51	0.83	30.75	4.53	0	11.43
"01.03.01"	37.97	0.64	19.88	7.71	0	5.75
"01.04.01"	29.11	0.53	18.42	8.02	0	6.03
"01.05.01"	31.72	0.57	25.47	16.78	35	4.58
"01.06.01"	28.9	0.51	20.6	16.55	57	3.81
"01.07.01"	26.87	0.5	22.34	20.17	47	3.28
"01.08.01"	35.02	0.67	27.67	20.56	60	3.78
"01.09.01"	35.22	0.63	19.72	12.66	0	4.76
"01.10.01"	62.35	0.94	33.85	14.04	0	6.2
"01.11.01"	46.92	0.75	27.68	3.92	0	7.18
"01.12.01"	33.78	0.63	26.14	0.88	0	6.86
"01.01.02"	62.01	0.95	45.65	1.59	0	9.46
"01.02.02"	35.93	0.5	27.41	6.39	0	5.46
"01.03.02"	45.77	0.68	33.42	8.07	3	8.03
"01.04.02"	34.86	0.51	32.3	10.01	1	6.46
"01.05.02"	29.23	0.47	18.84	14.03	11	3.64
"01.06.02"	28.21	0.45	30.47	20.52	104	3.48
"01.07.02"	24.54	0.39	21.82	19.38	53	2.7
"01.08.02"	28.93	0.46	23.8	18.63	19	2.67
"01.09.02"	36.63	0.53	23.2	13.75	1	3.96
"01.10.02"	48.19	0.65	25.36	10.61	0	5.6
"01.11.02"	52.38	0.7	22.91	7.1	0	6.88
"01.12.02"	48.22	0.71	28.78	4.22	0	6.72
"01.01.03"	38.47	0.63	29.77	0.98	0	11.67
"01.02.03"	55.46	0.88	58.28	-0.93	0	12.29
"01.03.03"	51.73	0.76	38	8.36	10	9.76
"01.04.03"	33.85	0.52	26.48	10.44	17	6.31
"01.05.03"	36.17	0.37	24.2	15.67	9	3.97
"01.06.03"	27.94	0.29	29.65	24.01	147	3.42
"01.07.03"	27.59	0.32	23.21	21.4	109	3.81
"01.08.03"	33.15	0.4	30.63	24.19	162	4.36
"01.09.03"	45.57	0.55	26.09	15.79	21	6.08
"01.10.03"	50.24	0.56	28.96	7.67	0	7.2
"01.11.03"	85.99	1.02	38.02	6.49	0	8.45
"01.12.03"	67.62	0.83	33.26	2.39	0	9.94
"01.01.04"	38.23	0.57	22.42	2.16	0	7.85
"01.02.04"	52.35	0.69	33.77	3.37	0	9.34
"01.03.04"	48.77	0.68	35.45	5.75	0	8.1
"01.04.04"	33.58	0.49	20.71	11.11	1	5.4
"01.05.04"	28.42	0.44	19.01	13.7	37	4.19
"01.06.04"	26.17	0.39	18.81	18.12	32	3.43
"01.07.04"	27.58	0.4	21.81	19.59	44	2.97
"01.08.04"	33.34	0.44	21.9	20.43	51	3.42
"01.09.04"	42.39	0.52	24.55	16.73	6	4.12
"01.10.04"	52.44	0.63	23.21	12.68	0	5.15
"01.11.04"	51.59	0.65	31.96	5.67	0	7.54
"01.12.04"	50.75	0.67	34.33	1.99	0	6.58
"01.01.05"	44.83	0.61	31.65	1.8	0	9.61
"01.02.05"	39.16	0.58	33.26	0.37	0	9.56
"01.03.05"	35.59	0.51	32.66	6.83	0	9.08
"01.04.05"	31.23	0.48	23.28	10.81	9	3.88
"01.05.05"	25.31	0.41	18.34	15.39	40	2.51
"01.06.05"	24.27	0.38	21.61	20.29	78	2.11
"01.07.05"	21.59	0.34	20.42	20.1	39	1.77
"01.08.05"	24.1	0.36	19.98	18.06	5	2.1
"01.09.05"	34.36	0.47	27.9	17.23	11	3.14
"01.10.05"	58.37	0.7	32.18	12.12	0	4.79
"01.11.05"	59.58	0.68	28.3	5.22	0	6.76
"01.12.05"	39.38	0.53	25.99	1.11	0	7.02
"01.01.06"	53.03	0.75	58.56	-0.7	0	9.04
"01.02.06"	46.36	0.66	50.14	1.38	0	7.82
"01.03.06"	27.32	0.46	29.23	4.36	0	5.63
"01.04.06"	28.34	0.42	19.52	10.28	11	4.43
"01.05.06"	22.13	0.35	17.42	14.93	10	2.66
"01.06.06"	23.96	0.36	25.64	19.62	80	2.51
"01.07.06"	25.09	0.36	23.58	24.5	188	1.71
"01.08.06"	21.73	0.31	14.13	16.56	0	1.29
"01.09.06"	34.21	0.48	26.72	18.63	1	1.96
"01.10.06"	48.75	0.6	30.11	14.21	0	3.91
"01.11.06"	67.93	0.72	28.04	8.34	0	6.66
"01.12.06"	56.25	0.65	32.08	3.94	0	6.65
"01.01.07"	29.93	0.43	20.24	5.78	0	5.33
"01.02.07"	41.43	0.53	26.2	6.18	0	6.15
"01.03.07"	42.13	0.52	26.47	7.3	0	5.57
"01.04.07"	34.81	0.47	30.57	15.53	61	3.97
"01.05.07"	19.37	0.32	19.23	16.47	21	1.82
"01.06.07"	19.09	0.3	16.74	19.06	20	1.5
"01.07.07"	18.53	0.28	17.34	19.41	56	1.53
"01.08.07"	24.1	0.35	20.33	18.59	22	1.84
"01.09.07"	29.85	0.38	19.61	14.79	2	3.06
"01.10.07"	45.26	0.53	32.61	10.94	0	4.29
"01.11.07"	49.72	0.56	30.79	4.48	0	5.77
"01.12.07"	37.09	0.5	31.71	2.25	0	4.87
"01.01.08"	54.53	0.6	29.5	4.54	0	7.16
"01.02.08"	54.28	0.6	34.61	5.3	0	7.55
"01.03.08"	23.18	0.36	15.42	6.22	0	4.24
"01.04.08"	25.92	0.46	18.93	9.52	1	3.25
"01.05.08"	22.11	0.37	21.55	17.02	46	2.28
"01.06.08"	20.9	0.33	18.29	19.1	17	1.17
"01.07.08"	18.34	0.28	17.03	20.28	50	1.38
"01.08.08"	21.96	0.31	19.01	19.44	0	1.52
"01.09.08"	41.35	0.37	22.93	18.5	0	1.82
"01.10.08"	44.31	0.41	25.29	11.28	0	2.15
"01.11.08"	54.54	0.5	26.12	5.29	0	3.57
"01.12.08"	40.83	0.42	23.78	1.84	0	3.2
"01.01.09"	52.26	0.55	40.51	-0.79	0	4.43
"01.02.09"	46.24	0.46	31.5	1.81	0	3.67
"01.03.09"	31.7	0.37	22.26	5.72	0	2.64
"01.04.09"	29.24	0.4	25.76	13.52	5	2.36
"01.05.09"	23.59	0.39	21.69	17.16	5	1.56
"01.06.09"	19.12	0.35	16.13	18.3	4	1.1
"01.07.09"	20.45	0.37	18.09	20.36	8	1.06
"01.08.09"	24.02	0.42	22.57	21.71	29	1.35
"01.09.09"	37.74	0.52	24.2	16.98	0	1.81
"01.10.09"	45.84	0.53	22.64	11.05	0	2.74
"01.11.09"	52.94	0.58	21.17	8.22	0	2.77
"01.12.09"	46.09	0.56	20.51	2.49	0	3.76
"01.01.10"	45.49	0.64	33.41	-0.37	0	4.22
"01.02.10"	46.13	0.62	35.08	2.21	0	4.57
"01.03.10"	35.78	0.47	24.62	5.98	0	3.39
"01.04.10"	26.97	0.39	25.32	11.76	24	2.83
"01.05.10"	21.72	0.33	14.56	13.12	18	1.47
"01.06.10"	24.46	0.34	18.39	18.63	48	0.93
"01.07.10"	21.46	0.33	22.9	21.96	90	0.86
"01.08.10"	20.18	0.32	14.3	18.9	5	1.09
"01.09.10"	32.7	0.4	18.06	14.86	0	1.96
"01.10.10"	43.71	0.5	22.13	10.15	0	2.84
"01.11.10"	36.87	0.45	17.58	6.7	0	2.81
"01.12.10"	51.29	0.57	22.35	0.56	0	3.47
"01.01.11"	42.9	0.51	25.17	2.51	0	3.12
"01.02.11"	60.87	0.64	40.56	3.9	0	3.55
"01.03.11"	38.91	0.5	31.85	8.03	0	3.07
"01.04.11"	29.73	0.39	21.32	14.4	35	2.09
"01.05.11"	24.92	0.33	17.93	17.26	38	1.22
"01.06.11"	18.32	0.25	14.09	18.6	7	0.73
"01.07.11"	18.35	0.24	13.17	18.36	23	0.93
"01.08.11"	23.1	0.31	19.12	21.11	11	0.6
"01.09.11"	32.95	0.4	19.5	17.93	0	0.79
"01.10.11"	41.57	0.45	22.07	10.75	0	1.72
"01.11.11"	75.66	0.67	30.5	6.25	0	1.89
"01.12.11"	26.45	0.32	10.57	4.96	0	1.59
"01.01.12"	34.68	0.39	18.02	3.52	0	2.37
"01.02.12"	45.92	0.53	39.3	-1.88	0	5.76
"01.03.12"	45.33	0.46	28.23	9.63	0	3.56
"01.04.12"	24.72	0.32	14.1	10.43	0	2.29
"01.05.12"	22.39	0.3	15.23	15.87	28	1.38
"01.06.12"	20.42	0.27	16.51	19.13	20	1.24
"01.07.12"	20.19	0.27	15.28	19.61	17	1.31
"01.08.12"	22.47	0.34	17.96	21.33	22	0.83
"01.09.12"	32.52	0.39	17.99	15.61	4	2.09
"01.10.12"	43.55	0.44	18.16	11.03	0	3.21
"01.11.12"	49.63	0.44	20.38	7.15	0	2.04
"01.12.12"	35.51	0.36	15.27	3.31	0	2.01
"01.01.13"	40.41	0.44	26.3	2.12	0	2.54
"01.02.13"	33.27	0.43	28.98	0.4	0	2.72
"01.03.13"	39.1	0.45	33.84	3.98	0	2.56
"01.04.13"	28.02	0.37	24.85	10.24	2	1.57
"01.05.13"	16.8	0.27	13.89	12.53	0	1.29
"01.06.13"	19.63	0.29	16.08	17.75	10	1.21
"01.07.13"	20.28	0.31	20.93	22.66	118	1.21
"01.08.13"	22.66	0.31	20	20.58	42	1.35
"01.09.13"	27.28	0.34	16.94	16.32	11	1.6
"01.10.13"	39.23	0.4	19.43	12.7	0	2.06
"01.11.13"	41.85	0.41	16.9	5.53	0	2.16
"01.12.13"	82.42	0.6	29.13	2.68	0	3.18
"01.01.14"	47.08	0.42	19.59	4.49	0	2.61
"01.02.14"	43.52	0.39	15.8	5.5	0	2.91
"01.03.14"	44.59	0.43	27.54	8.87	0	3.48
"01.04.14"	28.48	0.35	18.04	12.57	0	2.54
"01.05.14"	18.83	0.28	11.72	14.36	0	1.88
"01.06.14"	19.18	0.28	16.56	19.97	52	1.79
"01.07.14"	19.68	0.28	12.85	19.34	11	1.41
"01.08.14"	18.66	0.28	13.97	18.17	0	1.43
"01.09.14"	30.76	0.38	18.58	16.89	0	2.54
"01.10.14"	38.39	0.38	16.9	13.87	0	1.16
"01.11.14"	52.08	0.47	18.03	7.84	0	1.18
"01.12.14"	34.39	0.38	14.34	4.52	0	1.77
"01.01.15"	40.23	0.38	17.56	3.32	0	2.05
"01.02.15"	47.99	0.45	26.67	1.07	0	2.37
"01.03.15"	34.6	0.38	21.3	7.87	0	2.13
"01.04.15"	24.96	0.31	14.02	11.69	1	1.82
"01.05.15"	19.09	0.28	11.9	15.52	14	1.45
"01.06.15"	19.63	0.27	13.9	19.84	41	1.33
"01.07.15"	17.78	0.29	18.08	24.17	117	1.5
"01.08.15"	22.54	0.31	16.93	22.01	63	1.45
"01.09.15"	25.19	0.28	11.07	14.93	0	1.52
"01.10.15"	36.48	0.36	18.1	10.76	0	2.2
"01.11.15"	44.25	0.37	17.51	9	0	1.87
"01.12.15"	77.28	0.52	24.75	5.33	0	2.31
"01.01.16"	40.03	0.35	16.62	4.11	0	2.24
"01.02.16"	27.07	0.3	12.89	5.33	0	1.76
